0 0.926873 1131 1831 1568 2388
0 0.916006 1417 1621 1850 2110
0 0.900114 1184 1647 1443 1900
0 0.897778 1536 1958 1885 2334
0 0.733922 1261 1446 1672 1725
0 0.661576 2365 3107 2591 3359
0 0.464467 2554 2969 2769 3186
0 0.463044 2623 3413 2845 3647
0 0.462714 2417 3330 2622 3539
0 0.459064 2198 3236 2409 3446
0 0.456761 2595 3197 2802 3411
0 0.455583 2230 3458 2444 3675
0 0.443891 2518 2745 2725 2965
0 0.438104 2873 2128 3078 2347
0 0.394458 2752 2102 2961 2329
0 0.387596 2019 3363 2247 3584
0 0.213981 2336 2868 2552 3096
0 0.127822 2069 3372 2404 3631
