0 0.892401 784 1879 1064 2165
0 0.885683 1254 2714 1546 2958
0 0.88061 1105 1543 1499 1749
0 0.87773 1258 1145 1599 1436
0 0.87288 977 2627 1169 2805
0 0.821304 344 1957 502 2122
0 0.821182 1269 2509 1450 2675
0 0.476712 1100 1946 1433 2165
0 0.461809 1690 2549 1980 2846
0 0.461118 2390 1685 2574 2026
0 0.457962 1092 1775 1394 1931
0 0.427948 1970 34 2084 146
0 0.426896 2075 0 2189 104
0 0.426182 1029 1698 1467 1999
0 0.422558 1023 1870 1504 2254
0 0.420345 1608 2447 2076 2923
0 0.404958 2297 1629 2670 2082
0 0.301471 1886 76 2006 163
0 0.162336 2579 0 3000 68
